Time(millis);b_voltage;b_current
10000;726.000;512.000
10255;759.000;379.000
10505;758.000;377.000
10755;758.000;383.000
11011;757.000;375.000
11266;756.000;379.000
11522;756.000;378.000
11778;756.000;381.000
12034;755.000;379.000
12290;755.000;378.000
12546;754.000;377.000
12801;754.000;375.000
13057;754.000;381.000
13313;753.000;377.000
13569;753.000;382.000
13825;753.000;383.000
14081;753.000;379.000
14337;753.000;378.000
14592;753.000;383.000
14848;753.000;379.000
15104;753.000;380.000
15360;753.000;376.000
15616;752.000;380.000
15872;752.000;381.000
16126;752.000;381.000
16376;751.000;376.000
16626;752.000;382.000
16876;751.000;379.000
17132;752.000;379.000
17387;751.000;377.000
17637;750.000;381.000
17887;752.000;378.000
18137;750.000;377.000
18392;750.000;377.000
18648;750.000;380.000
18904;750.000;375.000
19160;750.000;377.000
19416;749.000;379.000
19672;750.000;382.000
19928;750.000;377.000
20183;750.000;377.000
20439;750.000;378.000
20695;750.000;378.000
20951;750.000;377.000
21207;749.000;379.000
21463;749.000;380.000
21718;749.000;378.000
21974;749.000;382.000
22230;749.000;376.000
22486;748.000;375.000
22742;748.000;380.000
22998;748.000;379.000
23254;748.000;378.000
23508;748.000;384.000
23758;749.000;378.000
24008;748.000;375.000
24258;748.000;379.000
24513;748.000;384.000
24763;748.000;378.000
25013;748.000;379.000
25263;747.000;377.000
25519;748.000;375.000
25774;748.000;379.000
26030;748.000;383.000
26286;748.000;383.000
26542;748.000;379.000
26798;748.000;381.000
27054;747.000;379.000
27309;747.000;381.000
27565;747.000;379.000
27821;747.000;374.000
28077;747.000;383.000
28333;746.000;379.000
28589;746.000;376.000
28845;746.000;382.000
29100;746.000;378.000
29356;746.000;379.000
29612;746.000;376.000
29868;746.000;381.000
30124;746.000;379.000
30380;746.000;378.000
30635;747.000;378.000
30891;747.000;383.000
31147;746.000;376.000
31403;746.000;378.000
31659;746.000;378.000
31915;746.000;379.000
32169;746.000;377.000
32419;745.000;382.000
32669;746.000;380.000
32919;745.000;381.000
33175;744.000;380.000
33430;745.000;376.000
33680;746.000;374.000
33930;745.000;381.000
34180;744.000;382.000
34436;744.000;380.000
34691;745.000;378.000
34947;753.000;381.000
35203;750.000;379.000
35459;779.000;383.000
35715;788.000;384.000
35971;771.000;380.000
36226;763.000;379.000
36482;764.000;381.000
36738;764.000;382.000
36994;764.000;381.000
37250;764.000;385.000
37506;764.000;380.000
37761;763.000;379.000
38017;762.000;381.000
38273;761.000;381.000
38529;760.000;383.000
38785;763.000;388.000
39041;762.000;380.000
39297;761.000;379.000
39552;761.000;379.000
39808;761.000;382.000
40064;761.000;380.000
40320;765.000;381.000
40576;763.000;380.000
40832;762.000;379.000
41086;760.000;378.000
41336;758.000;382.000
41586;759.000;384.000
41836;759.000;381.000
42092;759.000;379.000
42347;758.000;381.000
42597;757.000;383.000
42847;758.000;379.000
43097;758.000;381.000
43352;758.000;380.000
43608;757.000;378.000
43864;757.000;380.000
44120;756.000;378.000
44376;756.000;387.000
44632;756.000;382.000
44888;756.000;383.000
45143;756.000;381.000
45399;756.000;378.000
45655;757.000;383.000
45911;757.000;382.000
46167;757.000;381.000
46423;757.000;383.000
46678;756.000;384.000
46934;756.000;382.000
47190;756.000;385.000
47446;757.000;381.000
47702;756.000;379.000
47958;756.000;381.000
48214;755.000;385.000
48468;755.000;381.000
48718;756.000;383.000
48968;756.000;383.000
49218;755.000;385.000
49473;754.000;378.000
49723;755.000;381.000
49973;756.000;382.000
50223;757.000;379.000
50479;756.000;380.000
50734;756.000;380.000
50990;756.000;385.000
51246;756.000;377.000
51502;756.000;383.000
51758;756.000;378.000
52014;755.000;384.000
52269;756.000;380.000
52525;756.000;381.000
52781;756.000;380.000
53037;762.000;381.000
53293;760.000;384.000
53549;761.000;384.000
53805;760.000;384.000
54060;760.000;379.000
54316;759.000;383.000
54572;767.000;383.000
54828;764.000;385.000
55084;762.000;386.000
55340;762.000;379.000
55595;764.000;385.000
55851;762.000;384.000
56107;763.000;385.000
56363;762.000;383.000
56619;761.000;381.000
56875;762.000;388.000
57129;762.000;383.000
57379;764.000;388.000
57629;764.000;383.000
57879;763.000;383.000
58135;761.000;384.000
58390;762.000;380.000
58640;765.000;386.000
58890;763.000;386.000
59140;763.000;381.000
59396;764.000;384.000
59651;764.000;383.000
59907;764.000;387.000
60163;765.000;382.000
60419;764.000;383.000
60675;763.000;386.000
60931;762.000;380.000
61186;762.000;383.000
61442;761.000;381.000
61698;761.000;381.000
61954;762.000;382.000
62210;761.000;383.000
62466;763.000;378.000
62721;764.000;386.000
62977;763.000;386.000
63233;762.000;379.000
63489;761.000;384.000
63745;761.000;386.000
64001;760.000;387.000
64257;760.000;388.000
64512;760.000;378.000
64768;760.000;385.000
65024;759.000;378.000
65280;759.000;380.000
65536;759.000;379.000
65792;760.000;381.000
66046;760.000;381.000
66296;761.000;377.000
66546;759.000;382.000
66796;758.000;380.000
67052;758.000;382.000
67307;758.000;380.000
67557;758.000;383.000
67807;758.000;383.000
68057;759.000;385.000
68312;758.000;381.000
68568;757.000;380.000
68824;758.000;383.000
69080;758.000;385.000
69336;758.000;387.000
69592;759.000;384.000
69848;758.000;389.000
70103;757.000;384.000
70359;757.000;383.000
70615;757.000;382.000
70871;757.000;380.000
71127;757.000;386.000
71383;757.000;385.000
71638;758.000;388.000
71894;759.000;385.000
72150;759.000;384.000
72406;759.000;383.000
72662;758.000;383.000
72918;759.000;386.000
73174;758.000;386.000
73428;758.000;383.000
73678;757.000;386.000
73928;759.000;384.000
74178;758.000;385.000
74433;758.000;383.000
74683;758.000;385.000
74933;758.000;385.000
75183;758.000;377.000
75439;757.000;384.000
75694;757.000;384.000
75950;758.000;386.000
76206;758.000;388.000
76462;758.000;382.000
76718;758.000;382.000
76974;758.000;383.000
77229;758.000;387.000
77485;758.000;385.000
77741;757.000;387.000
77997;758.000;384.000
78253;758.000;382.000
78509;758.000;386.000
78765;757.000;385.000
79020;757.000;383.000
79276;757.000;379.000
79532;758.000;385.000
79788;763.000;381.000
80044;762.000;387.000
80300;759.000;388.000
80555;760.000;387.000
80811;760.000;384.000
81067;761.000;387.000
81323;762.000;385.000
81579;762.000;386.000
81835;761.000;385.000
82089;760.000;383.000
82339;760.000;382.000
82589;760.000;385.000
82839;759.000;382.000
83095;759.000;386.000
83350;760.000;381.000
83600;759.000;385.000
83850;760.000;388.000
84100;758.000;387.000
84356;758.000;385.000
84611;758.000;381.000
84867;759.000;382.000
85123;758.000;384.000
85379;758.000;385.000
85635;759.000;390.000
85891;759.000;382.000
86146;755.000;381.000
86402;754.000;384.000
86658;754.000;383.000
86914;754.000;387.000
87170;754.000;382.000
87426;754.000;390.000
87681;754.000;386.000
87937;753.000;382.000
88193;753.000;380.000
88449;754.000;384.000
88705;753.000;381.000
88961;753.000;386.000
89217;753.000;384.000
89472;753.000;382.000
89728;754.000;384.000
89984;754.000;381.000
90240;754.000;385.000
90496;753.000;384.000
90752;753.000;381.000
91006;753.000;388.000
91256;753.000;381.000
91506;753.000;387.000
91756;753.000;385.000
92012;752.000;384.000
92267;752.000;381.000
92517;752.000;382.000
92767;751.000;382.000
93017;751.000;385.000
93272;751.000;385.000
93528;752.000;386.000
93784;752.000;383.000
94040;753.000;382.000
94296;752.000;389.000
94552;751.000;382.000
94808;751.000;381.000
95063;750.000;387.000
95319;750.000;387.000
95575;750.000;383.000
95831;750.000;384.000
96087;751.000;383.000
96343;750.000;383.000
96598;750.000;386.000
96854;751.000;380.000
97110;750.000;384.000
97366;753.000;387.000
97622;753.000;384.000
97878;752.000;387.000
98134;752.000;383.000
98388;751.000;384.000
98638;751.000;386.000
98888;752.000;384.000
99138;751.000;376.000
99393;750.000;387.000
99643;751.000;387.000
99893;752.000;382.000
100143;752.000;381.000
100399;752.000;382.000
100654;752.000;382.000
100910;751.000;386.000
101166;751.000;386.000
101422;752.000;384.000
101678;751.000;384.000
101934;751.000;382.000
102189;751.000;386.000
102445;751.000;386.000
102701;750.000;391.000
102957;750.000;384.000
103213;750.000;381.000
103469;750.000;384.000
103725;750.000;382.000
103980;750.000;386.000
104236;750.000;385.000
104492;750.000;384.000
104748;750.000;386.000
105004;750.000;389.000
105260;750.000;385.000
105515;751.000;380.000
105771;750.000;383.000
106027;750.000;386.000
106283;750.000;384.000
106539;750.000;387.000
106795;749.000;385.000
107049;749.000;381.000
107299;749.000;384.000
107549;750.000;386.000
107799;749.000;384.000
108055;749.000;383.000
108310;749.000;387.000
108560;750.000;387.000
108810;749.000;381.000
109060;748.000;384.000
109316;749.000;384.000
109571;748.000;383.000
109827;749.000;386.000
110083;750.000;385.000
110339;749.000;388.000
110595;750.000;387.000
110851;749.000;383.000
111106;750.000;382.000
111362;749.000;390.000
111618;749.000;384.000
111874;749.000;388.000
112130;748.000;389.000
112386;748.000;383.000
112641;748.000;383.000
112897;747.000;386.000
113153;748.000;381.000
113409;747.000;389.000
113665;747.000;385.000
113921;748.000;386.000
114177;747.000;387.000
114432;747.000;382.000
114688;748.000;385.000
114944;748.000;382.000
115200;748.000;385.000
115456;748.000;385.000
115712;748.000;391.000
115966;748.000;386.000
116216;747.000;384.000
116466;748.000;383.000
116716;747.000;388.000
116972;747.000;384.000
117227;746.000;386.000
117477;746.000;383.000
117727;747.000;388.000
117977;746.000;386.000
118232;746.000;385.000
118488;746.000;382.000
118744;746.000;384.000
119000;746.000;389.000
119256;746.000;383.000
119512;746.000;379.000
119768;746.000;385.000
120023;746.000;389.000
120279;747.000;386.000
120535;745.000;384.000
120791;745.000;385.000
121047;745.000;385.000
121303;744.000;386.000
121558;744.000;382.000
121814;744.000;385.000
122070;744.000;385.000
122326;744.000;387.000
122582;744.000;384.000
122838;744.000;383.000
123094;743.000;384.000
123348;743.000;385.000
123598;744.000;383.000
123848;743.000;385.000
124098;744.000;392.000
124353;744.000;391.000
124603;743.000;382.000
124853;743.000;386.000
125103;743.000;386.000
125359;743.000;388.000
125614;743.000;385.000
125870;743.000;387.000
126126;742.000;383.000
126382;742.000;385.000
126638;742.000;386.000
126894;742.000;383.000
127149;742.000;385.000
127405;741.000;385.000
127661;741.000;394.000
127917;742.000;382.000
128173;742.000;387.000
128429;742.000;387.000
128685;742.000;389.000
128940;742.000;385.000
129196;742.000;387.000
129452;742.000;388.000
129708;741.000;388.000
129964;742.000;388.000
130220;741.000;386.000
130475;741.000;387.000
130731;741.000;383.000
130987;741.000;389.000
131243;740.000;381.000
131499;740.000;386.000
131755;740.000;383.000
132009;740.000;384.000
132259;741.000;387.000
132509;740.000;388.000
132759;740.000;387.000
133015;740.000;386.000
133270;741.000;384.000
133520;740.000;383.000
133770;740.000;389.000
134020;740.000;382.000
134276;740.000;384.000
134531;740.000;390.000
134787;740.000;385.000
135043;740.000;384.000
135299;739.000;386.000
135555;739.000;382.000
135811;739.000;386.000
136066;739.000;384.000
136322;739.000;382.000
136578;738.000;386.000
136834;739.000;388.000
137090;739.000;382.000
137346;739.000;387.000
137601;740.000;385.000
137857;739.000;386.000
138113;739.000;390.000
138369;739.000;389.000
138625;738.000;388.000
138881;738.000;388.000
139137;738.000;387.000
139392;738.000;386.000
139648;738.000;387.000
139904;738.000;386.000
140160;738.000;388.000
140416;738.000;385.000
140672;738.000;383.000
140926;738.000;388.000
141176;738.000;387.000
141426;737.000;384.000
141676;738.000;384.000
141932;738.000;390.000
142187;738.000;383.000
142437;737.000;387.000
142687;738.000;390.000
142937;737.000;384.000
143192;737.000;389.000
143448;737.000;388.000
143704;737.000;384.000
143960;736.000;386.000
144216;737.000;389.000
144472;736.000;383.000
144728;736.000;385.000
144983;736.000;387.000
145239;736.000;384.000
145495;736.000;385.000
145751;737.000;387.000
146007;737.000;386.000
146263;737.000;386.000
146518;737.000;386.000
146774;737.000;387.000
147030;737.000;390.000
147286;737.000;388.000
147542;737.000;390.000
147798;736.000;383.000
148054;736.000;386.000
148308;736.000;386.000
148558;736.000;387.000
148808;736.000;385.000
149058;736.000;385.000
149313;735.000;388.000
149563;736.000;388.000
149813;735.000;386.000
150063;736.000;387.000
150319;736.000;386.000
150574;736.000;388.000
150830;736.000;386.000
151086;736.000;384.000
151342;735.000;385.000
151598;735.000;388.000
151854;735.000;389.000
152109;735.000;386.000
152365;735.000;387.000
152621;730.000;386.000
152877;730.000;390.000
153133;729.000;386.000
153389;730.000;387.000
153645;729.000;382.000
153900;729.000;386.000
154156;729.000;386.000
154412;0.000;510.000
154668;1.000;510.000
154924;0.000;506.000
155180;0.000;508.000
155435;0.000;509.000
155691;0.000;503.000
155947;0.000;506.000
156203;0.000;504.000
156459;0.000;510.000

151086;736.000;384.000
151342;735.000;385.000
151598;735.000;388.000
151854;735.000;389.000
152109;735.000;386.000
152365;735.000;387.000
152621;730.000;386.000
152877;730.000;390.000
153133;729.000;386.000
153389;730.000;387.000
153645;729.000;382.000
153900;729.000;386.000
154156;729.000;386.000
154412;0.000;510.000
15